,hsa:10161,hsa:10800,hsa:11255,hsa:1128,hsa:1129,hsa:1131,hsa:1132,hsa:1133,hsa:1234,hsa:1241,hsa:1268,hsa:134,hsa:135,hsa:136,hsa:140,hsa:146,hsa:147,hsa:148,hsa:150,hsa:151,hsa:152,hsa:153,hsa:154,hsa:155,hsa:1812,hsa:1813,hsa:1814,hsa:1815,hsa:1816,hsa:185,hsa:1909,hsa:1910,hsa:222545,hsa:23620,hsa:2550,hsa:2846,hsa:2911,hsa:2912,hsa:2913,hsa:2914,hsa:2915,hsa:2916,hsa:2917,hsa:2918,hsa:3269,hsa:3274,hsa:3350,hsa:3351,hsa:3352,hsa:3354,hsa:3355,hsa:3356,hsa:3357,hsa:3358,hsa:3360,hsa:3361,hsa:3362,hsa:3363,hsa:338442,hsa:3577,hsa:4543,hsa:4985,hsa:4986,hsa:4988,hsa:5028,hsa:5029,hsa:5030,hsa:5031,hsa:5032,hsa:552,hsa:554,hsa:56413,hsa:57105,hsa:5724,hsa:5729,hsa:5731,hsa:5732,hsa:5733,hsa:5737,hsa:5739,hsa:59340,hsa:6010,hsa:64805,hsa:6751,hsa:6752,hsa:6753,hsa:6755,hsa:6915,hsa:7201,hsa:8843,hsa:886,hsa:887,hsa:9052,hsa:9283,hsa:9934
hsa:10161,1.0,0.26830711773810934,0.08122344704142855,0.06753678838787051,0.07250372077921094,0.060565717336359626,0.07584630827375262,0.06623847472190524,0.2130234617926546,0.13744138670044703,0.06788699885962389,0.08684011996376176,0.0729216472580964,0.10360218190127284,0.08982895490230049,0.06955863134376304,0.09764001169359193,0.09837918738233303,0.06270718042245534,0.06062620830386722,0.06527879271192501,0.08421674865919389,0.11626947289735481,0.07704408807545607,0.10922942647704145,0.08469101572791879,0.08974591772109307,0.05588375694491322,0.099384187687655,0.23428601031068463,0.11958495090722186,0.12077202793853639,0.03245631596391023,0.09749136973941455,0.01868143562871605,0.5128798195712508,0.02363816016712681,0.02140511554814473,0.030093762357893888,0.0247543660112919,0.023372494649241807,0.018476960173464955,0.019694396148149256,0.02216127566526413,0.07498784310635058,0.1067907439853727,0.07046868655194059,0.08696412249315766,0.09216447972184827,0.08000586770174338,0.09502783738181793,0.09513375802120753,0.08155478588599349,0.08165647932178063,0.09370691483845305,0.08334762598987157,0.05241549238442988,0.08110320533157662,0.18388929020307107,0.20844091556809768,0.11252491811020557,0.19431352747392797,0.20302773977843938,0.20225366714532853,0.2327142400600809,0.2518707493892112,0.25699196954324066,0.22165240027305697,0.12389853734379477,0.08447938135066126,0.06232461831494121,0.09407605484171803,0.24568431942294397,0.240422024845541,0.04037675126066853,0.034314056935679384,0.036835033651144086,0.054877236881334675,0.06994430079898864,0.04596472058235013,0.0806376891152853,0.09465619408723105,0.1919037536985465,0.18963730434546738,0.20278232689223072,0.1601706041568692,0.1854644041757992,0.050465288602779185,0.0898766380254066,0.18112894492774725,0.11124388175475061,0.09608745962173629,0.028637987290595912,0.06216826245839904,0.18133341813625053
hsa:10800,0.26830711773810934,1.0,0.056591815668121014,0.04051056396438722,0.054221842034576924,0.045092710210901124,0.06016376326665227,0.04783862640093195,0.1894486255884556,0.17188567475608596,0.04516634159664002,0.09498535897955233,0.0803338663339964,0.09894643946976624,0.07809379766679822,0.07421285030259195,0.09502095993043856,0.11095813364342817,0.06312103822337511,0.060038085011525216,0.05111250383527968,0.08248024784431827,0.11009144282691911,0.06811651346148273,0.09081882888433544,0.07891560376039472,0.09302693526619082,0.053441479907112885,0.07071865406108709,0.20641442737078272,0.09193189145092537,0.09275366328210737,0.02545008872711848,0.09773431146562482,0.017038721898058964,0.24223880319441585,0.02298333334254877,0.0237383906262287,0.04054340896840431,0.025869077266230053,0.02436355311608693,0.028180563858046966,0.023159196473583808,0.026698578577954667,0.05231162863119028,0.09562461163522384,0.06942972710277319,0.0783427450844089,0.06937174875138599,0.0914913369957709,0.09135494772509856,0.07966087684021109,0.07015251119207087,0.09377013961370852,0.08340586603186946,0.06825406583598823,0.04948096732920279,0.07010656188912828,0.18175572567755044,0.18860573040442577,0.10280332311890217,0.1768141851061808,0.18775960652628396,0.1901528215628757,0.26730374078142044,0.2154670502539932,0.18895028842789957,0.21798746169397656,0.11419943005315784,0.09467687397061608,0.07594777670331561,0.1055574901496878,0.3172033814178718,0.23675755346970592,0.04300305343829057,0.03073187347727393,0.05166236164923082,0.08146602255726262,0.09783446996892141,0.07086028186853793,0.08809203220631902,0.09952436846666154,0.17188938739740453,0.1796719506554314,0.17986291346488598,0.14673218877229174,0.157172753366993,0.052691218130311614,0.10442278646731361,0.1770127591996157,0.1268016425770698,0.0797519948069687,0.029763362024091498,0.04846516848904026,0.19235689361579136
hsa:11255,0.08122344704142855,0.056591815668121014,1.0,0.25023992828538416,0.2179916141678534,0.20408030261997642,0.22525557939708718,0.20996221468962725,0.08155789828295386,0.09450402862002766,0.06704936884288173,0.10818895473310844,0.10774926983760631,0.11756438354883716,0.08410096173806972,0.16176977079949112,0.1429202923630651,0.1561118371163585,0.20755573526425622,0.20430708856480473,0.2104864845536886,0.18973110536261584,0.15052438925084244,0.17738612365234993,0.15151633061680106,0.1793598592238514,0.17937830608436595,0.18464705228439177,0.14331261155690794,0.0943777828821939,0.07928736801895153,0.07319215203697035,0.020088998859059157,0.06935608819019361,0.013579414648544775,0.07579244732340777,0.015589033293542357,0.01672732681417345,0.014357282174671028,0.013185917394727669,0.01719178672731253,0.01538393453233157,0.014093851047735289,0.012810652382615022,0.18237672946357703,0.13986066902034924,0.18319664936681815,0.18127946416555207,0.17437590491432373,0.13556994282126178,0.14661981540582236,0.1283589076070815,0.12154373829992408,0.13084906302581803,0.14992956778891747,0.15351574135046198,0.16471389150611007,0.14522104139634506,0.064461212782256,0.09034702078824892,0.11717026894298907,0.1254699264692975,0.12259063011511898,0.11975843244585012,0.059836345838622206,0.06750641255869069,0.05975934626247239,0.05758839244032935,0.04984357113823951,0.07795705873064325,0.08414486133556248,0.06547757831784272,0.06937054486305226,0.06452966149613701,0.032659656747666396,0.06905467915596987,0.057408416170317514,0.05613427603681691,0.02948075868951303,0.040853377761110386,0.3340116420849754,0.08606880711286873,0.06053406034553469,0.10901884514903053,0.1113057649219628,0.11781450409868935,0.12784385606706747,0.04997718786275622,0.09981075140709808,0.060735625879366595,0.11293487063500063,0.11887622889045345,0.024786084393303445,0.05737569618615522,0.06022184242745856
hsa:1128,0.06753678838787051,0.04051056396438722,0.25023992828538416,1.0,0.42605136272373706,0.48015430767308015,0.43387641713469177,0.496483431878786,0.07956725379655312,0.08114864353735099,0.07689155137043825,0.14247687335264853,0.12042810857427796,0.10546261498222226,0.14348298748736826,0.15885468308290857,0.16660191766881555,0.17312055653873812,0.19264768329374374,0.1873837710457395,0.17900094212269638,0.1824991024614088,0.16963297651425266,0.17873859474686196,0.1594554712814607,0.17821912551080607,0.17433988547133486,0.18002726718551224,0.1591181174478364,0.09500511051751716,0.05619781318156412,0.06450214395134225,0.02166322017199881,0.08845993313860151,0.011090858342850054,0.053286261827819786,0.015088195593395437,0.018260431975179913,0.013685284098840664,0.01866584577637493,0.016794251964231333,0.019040008140702242,0.01591658634064562,0.014661896688167404,0.214452627893946,0.17102068894737413,0.21504223572393114,0.22055833699094038,0.1966785495090547,0.20155240164753188,0.20549640326168403,0.14303501565228735,0.1529662714951813,0.16338627225417404,0.17771179632670767,0.15930135570247375,0.164875556885019,0.1635014186843199,0.05517190646756041,0.07351257268126536,0.09630483042901876,0.10526113864747368,0.10973516107560208,0.11083813485525204,0.05406426710699819,0.06485215280077616,0.05238634262624354,0.08114864353735099,0.049516254230742233,0.07073000973282724,0.05245384212934292,0.0592734145362594,0.05414471153421225,0.05444148423081902,0.047867260804954063,0.0438220771418127,0.04137452992653966,0.02907983141678934,0.03491504606741017,0.035918852299162606,0.17856621600419315,0.08424359873606685,0.060543291037082454,0.10527160485163381,0.09727991170352983,0.1024477311353965,0.11133248376827883,0.05280841373929048,0.09579096551882471,0.05022466282810025,0.1034189088949523,0.11890455718325156,0.025100115618208237,0.046660795695090046,0.05660274489412487
hsa:1129,0.07250372077921094,0.054221842034576924,0.2179916141678534,0.42605136272373706,1.0,0.39857333885447743,0.5585134053897065,0.40389691445901305,0.07597891398631108,0.08351957861777085,0.06492722561927279,0.11652266802522648,0.10076656794560937,0.09222301800987923,0.1215846817250745,0.14241705914686878,0.17114052389129414,0.17956606506790423,0.16374166722952865,0.15799481539779223,0.16771014522149644,0.14497933149324818,0.15110159527617303,0.13745691348346586,0.16146249225103285,0.18293459567601084,0.1788877027094957,0.16083121147971297,0.1570149294894757,0.09611884484690837,0.06273328000651662,0.05399777705452362,0.020923386580484645,0.056597077799041405,0.02046283439632043,0.06135727085599411,0.01546227561034772,0.016454195135996816,0.01709608121906445,0.015302406848398648,0.015003807467575979,0.013035131094155794,0.015760860635447196,0.018023038411137823,0.20693720990657782,0.15046785237557248,0.21447882950827724,0.20105968019889262,0.1903577243904695,0.18911502161256702,0.21167110729621297,0.1375916572655427,0.1430621886976867,0.14641567310591536,0.16220727996740986,0.15826686392489897,0.11993187362964816,0.16682600496601754,0.048475460865453325,0.06706857905913517,0.09695851439490691,0.11073303419052177,0.10921260001113763,0.10835234968056255,0.05541052209234104,0.05980920471115311,0.05097637492724274,0.06584731995372078,0.044696844441081546,0.06961548942776052,0.048972785085762,0.05171479744908662,0.05028050624385875,0.04915809810835384,0.0361128588991022,0.02480233723599243,0.0404039547580397,0.027497067858221647,0.036543937880429755,0.029575314022055342,0.17800628379324304,0.08890839837139579,0.0552237713068076,0.10069152712852429,0.10902535922506836,0.10434526395971497,0.11851017692631502,0.037111838548110426,0.12623270708982853,0.050193764847428685,0.10378503776889998,0.10661115650750869,0.02719460000546676,0.05583842559114819,0.06894974323474513
hsa:1131,0.060565717336359626,0.045092710210901124,0.20408030261997642,0.48015430767308015,0.39857333885447743,1.0,0.40264862228780185,0.47650092209355654,0.07526889339056157,0.07873310124878712,0.06279559466484495,0.1038259024362476,0.09618612899460786,0.09413057713519594,0.10051825298430406,0.14211997024302986,0.14387699425740186,0.1468641673186894,0.15517764814173876,0.14133405911941854,0.16068959849373293,0.14143336960412883,0.14796545552839835,0.12034393628905117,0.14030501034819884,0.1751516549898642,0.14714940804736687,0.13203297584081086,0.1341882279994199,0.09253876661804745,0.048532727829329755,0.06471142221137584,0.023822240486113717,0.05903051061518804,0.01734679152362114,0.05054538851166498,0.011727908231280375,0.017460253645614834,0.01629292798562495,0.018309852786135058,0.013822118132119058,0.01388432542929835,0.015603884027984133,0.0198454878447218,0.18261042657106502,0.13625071386276275,0.19264492725928317,0.19038601139765804,0.17575368201367023,0.18693243647552066,0.1906860509703015,0.13562987830395326,0.12947672929858636,0.13491553152832397,0.15467168697986503,0.1414387108389948,0.11911430808599191,0.14505745987941007,0.05260995244138534,0.06715140197844892,0.07982932078763454,0.08119482551971981,0.08372918331737214,0.09400002005333974,0.05244576920245719,0.04457899304894614,0.03601006756042603,0.06902628054688185,0.05709819854533453,0.05802182674127478,0.03339320460937704,0.051944446446388695,0.05738890276552653,0.05507099334903152,0.044505742214479414,0.02349345724419086,0.027790540368746487,0.03645252850168642,0.033612353546252804,0.024341017784734974,0.16763334920144246,0.06703280827185969,0.046425143432727745,0.09977805637378964,0.08105773499130768,0.08482306477147639,0.08289456439607097,0.04444852863645968,0.09462426312061531,0.048682372393480944,0.08768966065598019,0.08729721424496148,0.022978023313736388,0.04369083452148065,0.04910610236968046
hsa:1132,0.07584630827375262,0.06016376326665227,0.22525557939708718,0.43387641713469177,0.5585134053897065,0.40264862228780185,1.0,0.4255048973562302,0.07410357764292441,0.08322261881145891,0.06819103365637795,0.11177828989371857,0.11427574181879888,0.10514278859794939,0.12070245308867748,0.14918673432310098,0.1699322899528555,0.17059385051271697,0.16302814433850787,0.16393028882578606,0.17538123924177595,0.16907215469671766,0.14862267354095765,0.1549545654570648,0.15558145148512847,0.19910747855852012,0.18556940049433152,0.18249246499072833,0.14482696123266767,0.09057993334342478,0.06907881607791706,0.062618955911477,0.020009074025242258,0.05563613745112046,0.01759770422970762,0.05642843049487525,0.017090883427303222,0.01541203551839615,0.01840990081282808,0.015015731304921332,0.022170467278713763,0.019296662742588313,0.02052991831284645,0.017129615227470536,0.20441985470776708,0.15479362910172426,0.20714563585619825,0.2074431892658879,0.1919999537692492,0.18735648514134887,0.20947162216489162,0.14447463319568407,0.15509517895885883,0.15248228288752375,0.1702038421979737,0.14380622767925016,0.12510325062184363,0.17106333651460193,0.05075596135727127,0.08288006419644076,0.09746952154858166,0.10650367239141176,0.11766430005256197,0.1138769447800813,0.05603417864296537,0.06781433046893356,0.052322262283089234,0.07171055626693433,0.04224789763450527,0.07406118393700867,0.03895058759328081,0.06543968056689216,0.04483166359068284,0.0565026030711131,0.037403283568600114,0.04006737659339562,0.033473914833384084,0.03787216110221305,0.02943044945264294,0.03601029245979405,0.15561697765968016,0.07990431748216781,0.05851618935436223,0.10378121553630087,0.09585739103592904,0.10704382237702527,0.11022937462619206,0.050852704665860844,0.10763446651376225,0.052147366648751754,0.10473586487988058,0.10770715214199993,0.02554818632763263,0.05135366325489789,0.06397917762172135
hsa:1133,0.06623847472190524,0.04783862640093195,0.20996221468962725,0.496483431878786,0.40389691445901305,0.47650092209355654,0.4255048973562302,1.0,0.06245437957362121,0.0751312788691926,0.05668117211264552,0.10859698513616557,0.10608268741103377,0.09868351462921389,0.11051102646917484,0.13895991611879513,0.14219814731310895,0.14693415036898252,0.16345016076218963,0.16911298686713847,0.15707463870179522,0.15452833955052087,0.1517342271012354,0.13135568020639996,0.15695444631735714,0.1726423789958167,0.16031568750702846,0.14289678577424433,0.13493472629091668,0.0849927019530944,0.056293531263012994,0.06124817772671729,0.021666901956957665,0.07380552142247074,0.01628980019119135,0.04941547689508889,0.016435180370703555,0.015892644105452707,0.015517583933314195,0.019287064737511506,0.015049793626746005,0.020247504365038256,0.021761233270845778,0.02089400412399696,0.19899902977841527,0.14520461513349706,0.1920554301372802,0.1896921275204686,0.17462783955238695,0.17971613193379618,0.19466356757686473,0.13322399663913456,0.13714079724757677,0.13781546047169985,0.15075831885313268,0.1328825464476739,0.1368101687138369,0.15022103447927182,0.05952393527045538,0.06979544825726097,0.0872628433350933,0.10148113359118605,0.10114798524150106,0.10016306878769882,0.05207014914919647,0.04726334887272285,0.04686703046810385,0.07287508430855619,0.05377106789242445,0.06088771940908113,0.04114184624134042,0.049073554272830555,0.0544474471115311,0.053376051268362375,0.025788762697667184,0.026239014712152557,0.028627173259298252,0.025835109558175286,0.02834527694267414,0.03555921147429079,0.17030297229545815,0.07538811858737644,0.042516663437661646,0.10015493882699655,0.08499829015182847,0.07511839517212981,0.08016833321731373,0.04649105946006062,0.09274781958083145,0.05009150116003227,0.09151897879614997,0.0960214688814264,0.02731127954790951,0.044019825095538014,0.062449755684697184
hsa:1234,0.2130234617926546,0.1894486255884556,0.08155789828295386,0.07956725379655312,0.07597891398631108,0.07526889339056157,0.07410357764292441,0.06245437957362121,1.0,0.15297503097090526,0.07023849836856341,0.0822292413001384,0.08842787471378631,0.10699205083478862,0.09464332146887822,0.08313717379523759,0.08591636551983821,0.10440166012434572,0.07073434581289116,0.07575240878740583,0.0838872554003645,0.08774195227501344,0.10879320387143185,0.10004355832071456,0.08795528065640164,0.07147432735045114,0.08700422383544769,0.05652278576144783,0.09740262097236217,0.25067983836761915,0.11270086921682627,0.12478573492158751,0.026591670287573702,0.08483842273052086,0.01766469156652188,0.19054835677517346,0.023974781077701957,0.01515115134353111,0.01984886724981264,0.024490762519222956,0.02034291954056085,0.020349660296985476,0.019148732425358556,0.023611845804394713,0.0684471079458239,0.13149134828296544,0.10048364470535553,0.08992532358495908,0.09541182033183512,0.09038520096726786,0.09804516122180111,0.09174990222881176,0.08374441031934818,0.09684843659409414,0.10323833455198568,0.08326850860863166,0.06524772287260916,0.08951580540700477,0.1475545806682463,0.28014451211545327,0.1263708105103763,0.1927753895470799,0.21998334474867967,0.20136476891287464,0.16645806850371858,0.1463197979956016,0.15778630675375505,0.1499099574906139,0.10656775860050706,0.1015777857799923,0.0897126951077275,0.10687306108375874,0.20200556203029602,0.1832030465568979,0.06288920099977424,0.0336914677394782,0.06962203880363321,0.07333396043529777,0.08683856337704103,0.051971717660115824,0.11319292770323823,0.13762217011765823,0.1589077492689724,0.1977523856967407,0.19023211518770133,0.17902531488969975,0.20770358538267375,0.06185511494322928,0.1386325168903798,0.14571195803191916,0.1325657742173167,0.12246797073429572,0.03642817888011688,0.06012408422040372,0.15984142691532233
hsa:1241,0.13744138670044703,0.17188567475608596,0.09450402862002766,0.08114864353735099,0.08351957861777085,0.07873310124878712,0.08322261881145891,0.0751312788691926,0.15297503097090526,1.0,0.06526841081089119,0.12450994572939814,0.10383119120434643,0.12331113496506434,0.10509364912447322,0.10393360388809052,0.09933672522852298,0.10711231212572911,0.07160647326489021,0.0730609707857782,0.07555162172555929,0.12249413570028904,0.10777781197925554,0.11653232893028338,0.09993401502247777,0.09116710708894908,0.09921039014936486,0.08230068053054052,0.09448504571872259,0.17967199014977056,0.0898486855904234,0.08971680435162215,0.0190459860219678,0.10077084474709298,0.01543839399849005,0.13561659375341453,0.016901181201208496,0.01695767028127437,0.017379805906501174,0.019963626223903637,0.01891912365582907,0.02247040328685104,0.014475929348652463,0.01955295207236508,0.08271379454036969,0.10367239813737417,0.08934689450409969,0.0901330821323027,0.10087183217988947,0.08861661149812691,0.0848820786948984,0.09267265604492908,0.08205720827385912,0.09247643596209926,0.10117615028785741,0.0887481540869189,0.08792355073750394,0.0908882562497278,0.110419276207438,0.15644276137377788,0.10579816497704235,0.16481712448132751,0.16819645482370257,0.1494943892493546,0.155032340407799,0.14797040870944783,0.12473398602889559,0.14722698684962837,0.1249538862905499,0.10826230870281627,0.13331152213700406,0.3417127594718071,0.13458550706132527,0.1113104510698569,0.050122268709493045,0.06807698773496178,0.07896328305455111,0.08130981742921325,0.06904723979276485,0.06825100167445271,0.0922145221911798,0.09385174087713175,0.10150612477545969,0.17915887939543834,0.19626463855445256,0.2111987683261869,0.21254427316666683,0.0725676275874204,0.11383812362712983,0.10517116885093439,0.14438127703159406,0.13584879041168282,0.03737398870603856,0.05932171227842237,0.10894540186942445
hsa:1268,0.06788699885962389,0.04516634159664002,0.06704936884288173,0.07689155137043825,0.06492722561927279,0.06279559466484495,0.06819103365637795,0.05668117211264552,0.07023849836856341,0.06526841081089119,1.0,0.11925537684288091,0.11124671895450744,0.1340014963643471,0.12336733261314345,0.10198323099729345,0.11125077312947963,0.12148647701060415,0.07018762043425054,0.07345382963744296,0.07263131704577422,0.09342635849144613,0.10516305453083129,0.08907974202544065,0.1135115678803385,0.07127883897288981,0.0833143439412785,0.06103921910956664,0.10290363267531238,0.0686102649626591,0.074770538174546,0.07069157133783767,0.024902741267427832,0.06112243640257814,0.024354598076636362,0.06729762178497442,0.0201080173470124,0.022338385718400036,0.015048792873933558,0.02059544200907521,0.02102737105267883,0.01967202217182967,0.023109727220913527,0.019973002858858068,0.08280217275752011,0.10803845158323845,0.10499755312622898,0.11283013086190373,0.12243600914386134,0.10804412615104299,0.10174781942174267,0.09640822316057515,0.06657202152288595,0.08788118374322519,0.1294780212154692,0.10395097954098438,0.07865150334689741,0.09349663118737592,0.07483493940279408,0.07838413473347262,0.09408154572205629,0.08393133804988356,0.09053230435170602,0.09449966425852552,0.05300106478505476,0.04102667708711351,0.05914671870295557,0.058959939877496495,0.03405560652523425,0.07599890601564172,0.08341906718343402,0.04075865172042519,0.047034656564494765,0.0523785564861391,0.05405682638109478,0.07883042208448617,0.06583458778364168,0.06811400494823516,0.08128747760142396,0.044576488492640204,0.09698595903569371,0.09596415181147973,0.05992101095188299,0.07580265809662166,0.07957603540561417,0.07685311076704683,0.08855662280830426,0.0685948717296565,0.09148591849572854,0.06967343606986157,0.09368249161185499,0.06440706900615559,0.02796103263889189,0.046135831920523084,0.05815589892598845
hsa:134,0.08684011996376176,0.09498535897955233,0.10818895473310844,0.14247687335264853,0.11652266802522648,0.1038259024362476,0.11177828989371857,0.10859698513616557,0.0822292413001384,0.12450994572939814,0.11925537684288091,1.0,0.405899268135934,0.41016284845398593,0.47266249446438047,0.14347251055278806,0.1487238555873381,0.16066783037275884,0.1278243633944181,0.13247800380612346,0.1151983828468343,0.1484633386685726,0.15500450212468136,0.15104422219946897,0.1679714388959884,0.1575616255091838,0.1675516360926973,0.1437918741519523,0.14940390584075106,0.10170047079659784,0.1118051683161079,0.10688977943067958,0.026190984375730572,0.07249333367575686,0.016051744060388458,0.10405976427991213,0.01735232042581112,0.018694264063137626,0.018579034735849084,0.014886083354068842,0.018182663940843443,0.01728456519382106,0.020517909526057383,0.01655167026088954,0.12949251568077094,0.17841139603443942,0.17665941996222903,0.1528667567997584,0.13962319318128139,0.14936418695923215,0.15508525244155083,0.15073843680197346,0.14416372706724873,0.15867648689795427,0.1691828612250716,0.14573509084700675,0.14717064684131564,0.1317114066714376,0.09027724962021912,0.11733321241312772,0.14392869952140985,0.11116585453690941,0.12495072618492642,0.1228104839210342,0.07625623465515527,0.08307626023561689,0.08278054931696525,0.08232783794724223,0.08084141069022183,0.07387465945454902,0.0649283157389909,0.06779450034762308,0.09034436513852166,0.07455766099363137,0.04621426747508572,0.059877763129622036,0.057922728107531206,0.06904074557403811,0.0492973948658405,0.059685910736622695,0.14170370726610462,0.0858687499143569,0.07444045297837608,0.1294099064607683,0.12378205985908103,0.130887540900753,0.14831076842392318,0.057338722798632204,0.1404556505920953,0.08513793083141555,0.1358202221524253,0.12304939489135823,0.03267937565763255,0.04786004614580447,0.09423406176286589
hsa:135,0.0729216472580964,0.0803338663339964,0.10774926983760631,0.12042810857427796,0.10076656794560937,0.09618612899460786,0.11427574181879888,0.10608268741103377,0.08842787471378631,0.10383119120434643,0.11124671895450744,0.405899268135934,1.0,0.5164757756371898,0.34039638565475344,0.16578297059691083,0.17183527265324636,0.16759317261784207,0.129183894033732,0.13224726566580222,0.11496172636774186,0.1717331737769553,0.1698517028111878,0.18871423430795425,0.15957019343733933,0.16258463185976205,0.15084893680906183,0.14797886723790846,0.14902341053589718,0.09457700450066833,0.0897752145630192,0.09065538580942005,0.021133300389225885,0.08523788396527579,0.020668127716751607,0.08455822827048913,0.014109078542067074,0.017150823820171524,0.015309032260455553,0.015007883562174841,0.015523676631927257,0.017338036803009944,0.019211228184737063,0.016800566433386486,0.12223988087117105,0.17932709692663956,0.19085549688356432,0.15082737051451836,0.15236080660432622,0.12406431408628914,0.1451874851056112,0.13601390071476566,0.1251929606583391,0.133108566558833,0.18144373300788014,0.14117861224532954,0.1342857767224294,0.17304506028235622,0.07853669749447267,0.10164623732386563,0.14304942627354286,0.13225344530019104,0.12294944235945392,0.11526451713153688,0.07322741886380778,0.06977299955738385,0.08507827440785574,0.06013984837083432,0.056409725322127936,0.07276956353115765,0.07420378444865855,0.052656486132615504,0.081086452746938,0.07878898624856658,0.0572593294933033,0.062151010302074434,0.07048737827166293,0.06336797184187062,0.048808507659281526,0.061118898863004784,0.12423371311443086,0.10189974981726233,0.071627833877764,0.11193147360401268,0.12090631750323576,0.1339038500788058,0.1213483339922118,0.06677432838590147,0.12455946210629777,0.07568740875318228,0.11862281680421669,0.10669591414496485,0.032106404159437406,0.06799174876707047,0.061601244496051304
hsa:136,0.10360218190127284,0.09894643946976624,0.11756438354883716,0.10546261498222226,0.09222301800987923,0.09413057713519594,0.10514278859794939,0.09868351462921389,0.10699205083478862,0.12331113496506434,0.1340014963643471,0.41016284845398593,0.5164757756371898,1.0,0.35861703696784697,0.15689688630735518,0.17191727346936458,0.17154839461301102,0.15186377236642484,0.1408388146736803,0.1209887904013015,0.18457446902855174,0.2040807687221627,0.19884831680208664,0.18038404057261792,0.161537354880554,0.15274775729044748,0.14853246248820465,0.16323925902679412,0.10044226866893996,0.09307262801376545,0.09515001585359906,0.031645350001325095,0.11878867160571843,0.017926623166778503,0.09286228966640803,0.015664429813699032,0.01922635869255316,0.02246941572652222,0.01959919416867586,0.01422448839954045,0.022289251788257622,0.023446567284370584,0.017264238142946503,0.1147086821284367,0.20420279426948998,0.17649772626780189,0.16130927764854458,0.15740835629358807,0.14322561908954606,0.15303656886277953,0.1392365652949555,0.14861319183438815,0.141037251632711,0.17313020895940162,0.1476755160300577,0.14701232069670742,0.17360463088222913,0.08120546682280799,0.12043421089366832,0.15498714368739147,0.15155294048082651,0.1343081948706888,0.13261379405860707,0.06895488952674171,0.08146444466128872,0.08007057012850921,0.0939239018659135,0.05916523750680603,0.08896870585708884,0.09850698503820245,0.05651098057946692,0.10600164706440275,0.09570774396298583,0.07311925673318569,0.060896795298390496,0.06608227023521038,0.0758255310487809,0.062291092356687325,0.057230428673216635,0.14060717414895182,0.1206866462104428,0.059150428882376434,0.1287012926500975,0.13416057377347682,0.1296273251643329,0.14104086833614293,0.07456833119460644,0.1467871128000804,0.0814106787576019,0.1557378719919386,0.13189465872077588,0.05747529818278231,0.06883607999148658,0.07454582848226324
hsa:140,0.08982895490230049,0.07809379766679822,0.08410096173806972,0.14348298748736826,0.1215846817250745,0.10051825298430406,0.12070245308867748,0.11051102646917484,0.09464332146887822,0.10509364912447322,0.12336733261314345,0.47266249446438047,0.34039638565475344,0.35861703696784697,1.0,0.14486592637138268,0.16766203813474687,0.15849198406267503,0.09387535759958078,0.09444523217213244,0.09747965091629365,0.13550222149474841,0.1574713809299603,0.1619644600470215,0.15394174012303014,0.14007186858316706,0.14502392462551356,0.11590715845432954,0.13634301631584822,0.13130131745481216,0.1207733521071233,0.11517218571923,0.02842944551578175,0.05982160834323356,0.021374074979359566,0.07644742191471685,0.020783495916098765,0.02359677156380493,0.022360564491797796,0.02245535421764128,0.023167792951711053,0.018322092452346984,0.02391332087389243,0.02598183489814799,0.10908028793556507,0.17095610668144431,0.17555552379063397,0.1450985469719136,0.1460152569895415,0.151996757533386,0.13812699888814073,0.15289146776194756,0.14595487043339905,0.14364491841237803,0.16970914098340828,0.12711745538702943,0.1301063412891922,0.1441345838960397,0.09383500421502271,0.11244581978508397,0.14297819559174865,0.11368938797862661,0.1093460197339589,0.12121235132044283,0.06860313235105919,0.06646440170328441,0.08283557848445143,0.08525907309253039,0.0384838752425213,0.08408266570267327,0.07029009462198688,0.059503349367397346,0.10628351076464612,0.07470449539528246,0.04072006046305178,0.04125964589887624,0.06587817087815967,0.07381148752946501,0.054490948761878245,0.05908139782476047,0.141449328059722,0.08709381192101504,0.07633970783006548,0.11954320214075366,0.13700325971814847,0.10575639907675582,0.11748121480756472,0.08811337925423648,0.12741296132590377,0.09369994744078769,0.11141210843629223,0.11439683984900666,0.04701619227639562,0.052129971117965405,0.09441051198401379
hsa:146,0.06955863134376304,0.07421285030259195,0.16176977079949112,0.15885468308290857,0.14241705914686878,0.14211997024302986,0.14918673432310098,0.13895991611879513,0.08313717379523759,0.10393360388809052,0.10198323099729345,0.14347251055278806,0.16578297059691083,0.15689688630735518,0.14486592637138268,1.0,0.4410357127127269,0.4161558179920938,0.20785457910442204,0.21569001591638415,0.22391701112220266,0.23112915826225774,0.22286433737003036,0.2294697216761934,0.21183552443970957,0.20179589257702527,0.2120212135135204,0.1866555480371729,0.20560518322431107,0.09534094948146395,0.07832039926807886,0.0919403938080587,0.014739948131421746,0.08623279792498605,0.017633247779040677,0.09017726540620113,0.017940237312839936,0.01680018596317923,0.013599675672626618,0.015840180897419447,0.019808717924629866,0.012756526916602399,0.015465019809630883,0.015262623205505062,0.1483923236986787,0.21580340090476915,0.2389743084405357,0.22044876393330418,0.2156766731440884,0.20138262852607725,0.22406220494632637,0.15466021704229357,0.14697916404394498,0.17128784183172432,0.20653576719808164,0.2020899177337999,0.1967571162471146,0.21552207322696582,0.07803316186613109,0.10389304542924556,0.13173029281559948,0.13832554747717796,0.13704449659172016,0.13098626346555536,0.08579873035450125,0.07209228136344704,0.06343431563061423,0.06753491560660733,0.07745697022921609,0.07682917173738239,0.06997178009493306,0.06983520887880752,0.06787863964620043,0.05749339224736811,0.05076302530420878,0.0651679330758889,0.05457281944788367,0.05021591729615924,0.036302874371184964,0.058687878584186774,0.15389136339337559,0.09761714060793579,0.07176630910051364,0.15765977138818119,0.1404720328607591,0.14679748317032493,0.16598628135313367,0.08032449679809953,0.11514189977009795,0.06738986481313351,0.10529150360119006,0.13053190764041459,0.024631514788084227,0.058733031433123715,0.05739357349664067
hsa:147,0.09764001169359193,0.09502095993043856,0.1429202923630651,0.16660191766881555,0.17114052389129414,0.14387699425740186,0.1699322899528555,0.14219814731310895,0.08591636551983821,0.09933672522852298,0.11125077312947963,0.1487238555873381,0.17183527265324636,0.17191727346936458,0.16766203813474687,0.4410357127127269,1.0,0.4590978263600783,0.21993904051293447,0.23089969886557848,0.22597430400956,0.23231946980572368,0.22965050778808732,0.2398056808393238,0.21962551715820666,0.21590141709472904,0.21809346021331008,0.1782117606039243,0.20032102279094102,0.09951500800349644,0.09216342206652432,0.0961471729568349,0.01877765850451673,0.0871179767465877,0.021313354286701277,0.09238722232058409,0.017599173713059153,0.022012022042375543,0.01766935350156555,0.01732177419570681,0.017391572833322932,0.0169601144658722,0.01927239070359707,0.018106961363035946,0.1470152034164452,0.23670115546999504,0.2564057847780835,0.236597472989103,0.2402143248658455,0.23296263437276693,0.24832175941831566,0.18691411278131287,0.16483306039881285,0.1891951124326063,0.20731157149535748,0.22548643761303952,0.19593608662390727,0.22939928790183012,0.08625294766293214,0.12809691603917356,0.13965780711652137,0.13949073886769417,0.1380046958758494,0.14429525047807043,0.08480146195077788,0.07787002005166684,0.07386211431853319,0.07855593903129174,0.05915682653674777,0.08607628231195093,0.07504170290273439,0.06763062001916738,0.07633934504912367,0.06978160077499646,0.03517140008867544,0.06365433051986176,0.047474319863383324,0.049345609067531555,0.05092962876597511,0.05813960787252854,0.1730086595258847,0.10633609695244083,0.09399347476478231,0.14715922725244404,0.14804293802701352,0.13069101372220218,0.13913244873391645,0.07979032759709076,0.11886572689849655,0.07625952548495361,0.1201970178430516,0.11527403988327813,0.024768179769759115,0.0758938171652345,0.06733068393320746
hsa:148,0.09837918738233303,0.11095813364342817,0.1561118371163585,0.17312055653873812,0.17956606506790423,0.1468641673186894,0.17059385051271697,0.14693415036898252,0.10440166012434572,0.10711231212572911,0.12148647701060415,0.16066783037275884,0.16759317261784207,0.17154839461301102,0.15849198406267503,0.4161558179920938,0.4590978263600783,1.0,0.22614284648797328,0.2322430199327593,0.22499334886206024,0.22942024383149878,0.24531982696043794,0.23802414785745146,0.23884771321258724,0.21560617903895762,0.23158216253379957,0.1914754316143609,0.22391720186557876,0.11098633139272476,0.09334935940796878,0.09908341934603958,0.016108642165116153,0.1025384206580713,0.014760569201144469,0.11863258499481949,0.022590600459280727,0.02121479165850679,0.020638588913673185,0.015574735915087066,0.020065178640697262,0.015413449495686607,0.020697170920367526,0.01858630613887923,0.1739965130775043,0.24240644386423635,0.263517363285809,0.2640025330708271,0.25938511325140606,0.25640728980354094,0.26548775015514664,0.18124165365536732,0.15921643524031603,0.1913755884674496,0.21259388773034335,0.2427208715287447,0.19372575569313819,0.24047381132056206,0.10073270122828207,0.14036338450528874,0.13529044136155627,0.16082659004506877,0.1543006486497087,0.161999712814565,0.08473601466038157,0.09607692945690906,0.0873790699812429,0.0843841917198182,0.062407649142798595,0.10012322762118558,0.09943277601069166,0.07559872783702674,0.0901546570348635,0.07650667934004247,0.06206596219266586,0.06271081107989586,0.08566449503693017,0.05425678001095656,0.056750168691815074,0.07238183178551526,0.17351723511447065,0.11306004197778224,0.07865721004309283,0.1783614608795719,0.18032987858602237,0.15404122183096494,0.16155494286455013,0.08737050436564951,0.13875220550378323,0.09383139398471899,0.1133151578014356,0.11153071226967935,0.033483218120589964,0.06436522642492258,0.08777874193343678
hsa:150,0.06270718042245534,0.06312103822337511,0.20755573526425622,0.19264768329374374,0.16374166722952865,0.15517764814173876,0.16302814433850787,0.16345016076218963,0.07073434581289116,0.07160647326489021,0.07018762043425054,0.1278243633944181,0.129183894033732,0.15186377236642484,0.09387535759958078,0.20785457910442204,0.21993904051293447,0.22614284648797328,1.0,0.46833112444724656,0.4924195357603078,0.22796070941975408,0.1910760161571811,0.21760295937036164,0.21049250492890087,0.2645085418421231,0.24438874929150714,0.2562813197496601,0.20330759372254623,0.08545400215428849,0.06859876244665038,0.07357961594245835,0.02083812385180022,0.07559220905297058,0.015284586312157332,0.05903189995453542,0.017944600260446655,0.025623534797359376,0.017470582087841365,0.01915891948819086,0.019374813996077853,0.01954762873935671,0.017150027328825576,0.016490277957873993,0.1705193845649327,0.20541382311968132,0.2593312898963372,0.2623529947903447,0.27076611399430106,0.23832273943898954,0.23428337006031355,0.16616031003580237,0.1544881728190051,0.18502215437755537,0.1993218960297134,0.22873832896938165,0.17842742407751078,0.1864128141396836,0.06955681873283469,0.0970065652111344,0.12449106132019602,0.14106879924489063,0.12553589105864443,0.1381170867686773,0.04946016793101513,0.05503578792711368,0.06471858974694865,0.058104916016291384,0.054734917824866475,0.07189175017300908,0.07396126963758282,0.050333513012287556,0.04292195430261424,0.04254098274663584,0.0268575025916419,0.05986163096669597,0.05529963487409344,0.043415271489129284,0.03193369624761152,0.03754924212226929,0.15150681965388568,0.07633284220035307,0.06384635715486985,0.1513211972951331,0.14316104344401942,0.13017126183670688,0.1548089155031641,0.032880540823583236,0.09844608342649704,0.062154744889961325,0.11770012992218312,0.1382815338221492,0.02451549242131227,0.05939800534412886,0.05561203468815444
hsa:151,0.06062620830386722,0.060038085011525216,0.20430708856480473,0.1873837710457395,0.15799481539779223,0.14133405911941854,0.16393028882578606,0.16911298686713847,0.07575240878740583,0.0730609707857782,0.07345382963744296,0.13247800380612346,0.13224726566580222,0.1408388146736803,0.09444523217213244,0.21569001591638415,0.23089969886557848,0.2322430199327593,0.46833112444724656,1.0,0.4543946427451352,0.20293668727440314,0.17300651738846864,0.2109089919183289,0.19933697970901412,0.24857943506010813,0.24312822741942602,0.259089306550577,0.19475910433543,0.08262356030170398,0.07748425488298098,0.07015912180815195,0.016481148963815393,0.07642452005568576,0.012808352729715219,0.05510461817832643,0.01928298588188062,0.018784758603641715,0.012947835057496302,0.01505464753729266,0.012233283926539096,0.01426343013550115,0.015518346595778634,0.01691717037617358,0.16632580846918765,0.18682419561524527,0.2545422481674427,0.2464899391015234,0.26068831292959294,0.23623014125062705,0.24462149692350407,0.18356855376765638,0.16930902302045928,0.19236544287785776,0.18506308929068105,0.2335498036070664,0.18765305570348856,0.19445821218474632,0.0628207664249499,0.09408463660514066,0.13766444660777954,0.1252277932304914,0.12212578088632606,0.13087862252849936,0.05704810976012823,0.04375884546883411,0.06139314416896747,0.06178310281213459,0.06281880507482744,0.05488365377365712,0.07358041911918581,0.05832546455541792,0.05019386836909035,0.0439844549512354,0.03324827828248756,0.05363125385336247,0.04833693516387394,0.047318125862988385,0.03629336269137582,0.04527132797677254,0.15566089701399036,0.06448596092032326,0.06297931968027219,0.12529640268318865,0.14768865780293253,0.13942937541044337,0.13090999114316254,0.04002539000768347,0.09154082993825642,0.055332005914273785,0.10837196167226107,0.12333318617477616,0.02540437055253542,0.05046941646062687,0.0506502401177624
